Test CP-ABE engine: RC-24 LD-ABABE
All test rounds: 1
Test round: 1
Setup : 	993.7548
KeyGen: 	87.5168	115.5949	155.4776	188.9873	219.3317	261.2633	296.953	330.4106	354.155	381.7895	400.3001	425.9115	459.8913	489.1764	533.3623	550.5112	590.1912	616.5328	648.6858	681.7596	708.7154	744.1364	786.277	801.8149	837.8515	878.2752	894.9789	923.196	970.1883	987.7212	1018.584	1041.0929	1077.1963	1123.3247	1142.1746	1180.7859	1209.2306	1245.6732	1264.3586	1321.8028	1328.4882	1382.905	1399.6765	1421.8262	1468.911	1477.7611	1508.2492	1542.371	1574.7016	1607.039
Encryption: 	47.9422	91.6293	131.7186	175.4479	215.3774	254.7553	301.1774	343.1319	397.1844	430.4947	462.6149	514.7825	548.384	589.2727	633.8666	675.7988	715.4842	776.9448	805.7307	834.6492	899.7239	922.0407	962.8232	1013.2341	1050.4853	1090.2356	1133.6229	1187.9539	1215.5282	1249.0522	1295.2453	1338.6749	1376.8001	1413.5121	1452.5913	1516.5085	1559.6425	1583.5926	1640.2056	1672.4337	1711.4815	1766.4004	1784.1133	1827.7981	1882.5545	1914.5844	1968.9954	2007.592	2047.8089	2087.3138
Encapsulation: 	43.1352	91.5465	130.4642	173.3262	210.2715	264.3668	296.21	339.823	377.5486	420.8426	460.3881	503.4863	553.6763	591.6239	625.586	667.173	704.1814	749.2005	849.6262	916.4342	949.9694	950.1168	1073.6315	1064.3892	2051.0198	2868.8217	2762.7991	2898.6981	3099.1757	3187.5226	3253.6084	3548.7171	3460.6679	3430.3168	3633.1412	3848.7217	3994.0743	4072.6415	4147.8603	4371.8415	4355.8167	4413.8548	4646.6963	4768.7682	4839.5566	4954.3278	5101.4594	5096.475	5351.6757	5373.6938
Decryption; 	36.4778	62.7284	73.3204	86.532	101.6402	134.8166	148.4199	229.2144	200.7308	201.1922	248.4369	303.4914	283.3049	294.6403	311.6971	351.1209	371.9237	205.3762	158.1152	196.6438	178.8761	175.4177	183.7512	215.3979	205.1449	237.2503	261.415	255.5667	240.6384	253.9932	256.0048	264.0046	270.1921	276.7607	287.241	296.9176	328.8659	354.7881	332.6106	367.3902	383.9394	380.12	383.18	380.1002	390.0743	413.2282	402.9215	418.0034	406.7933	439.3895
Decapsulation: 	13.1111	22.5847	30.8785	45.1178	54.486	58.8573	67.5709	80.1559	91.1158	146.6989	241.3654	232.6163	232.413	257.2936	253.9631	280.656	344.5884	326.8463	359.8315	381.0837	397.4585	461.3963	509.4869	469.1704	466.612	469.1362	484.4653	542.7318	618.4165	595.2412	617.8755	679.9869	753.868	744.2895	766.3877	735.9019	699.9205	676.5754	809.5648	737.7237	821.9496	807.2653	820.5405	897.4761	866.6362	868.5921	904.3452	949.3085	965.2582	1003.5523

Final performance test:
Setup : 	993.7548
KeyGen: 	87.5168	115.5949	155.4776	188.9873	219.3317	261.2633	296.953	330.4106	354.155	381.7895	400.3001	425.9115	459.8913	489.1764	533.3623	550.5112	590.1912	616.5328	648.6858	681.7596	708.7154	744.1364	786.277	801.8149	837.8515	878.2752	894.9789	923.196	970.1883	987.7212	1018.584	1041.0929	1077.1963	1123.3247	1142.1746	1180.7859	1209.2306	1245.6732	1264.3586	1321.8028	1328.4882	1382.905	1399.6765	1421.8262	1468.911	1477.7611	1508.2492	1542.371	1574.7016	1607.039
Encapsulation: 	43.1352	91.5465	130.4642	173.3262	210.2715	264.3668	296.21	339.823	377.5486	420.8426	460.3881	503.4863	553.6763	591.6239	625.586	667.173	704.1814	749.2005	849.6262	916.4342	949.9694	950.1168	1073.6315	1064.3892	2051.0198	2868.8217	2762.7991	2898.6981	3099.1757	3187.5226	3253.6084	3548.7171	3460.6679	3430.3168	3633.1412	3848.7217	3994.0743	4072.6415	4147.8603	4371.8415	4355.8167	4413.8548	4646.6963	4768.7682	4839.5566	4954.3278	5101.4594	5096.475	5351.6757	5373.6938
Encryption: 	47.9422	91.6293	131.7186	175.4479	215.3774	254.7553	301.1774	343.1319	397.1844	430.4947	462.6149	514.7825	548.384	589.2727	633.8666	675.7988	715.4842	776.9448	805.7307	834.6492	899.7239	922.0407	962.8232	1013.2341	1050.4853	1090.2356	1133.6229	1187.9539	1215.5282	1249.0522	1295.2453	1338.6749	1376.8001	1413.5121	1452.5913	1516.5085	1559.6425	1583.5926	1640.2056	1672.4337	1711.4815	1766.4004	1784.1133	1827.7981	1882.5545	1914.5844	1968.9954	2007.592	2047.8089	2087.3138
Decryption: 	36.4778	62.7284	73.3204	86.532	101.6402	134.8166	148.4199	229.2144	200.7308	201.1922	248.4369	303.4914	283.3049	294.6403	311.6971	351.1209	371.9237	205.3762	158.1152	196.6438	178.8761	175.4177	183.7512	215.3979	205.1449	237.2503	261.415	255.5667	240.6384	253.9932	256.0048	264.0046	270.1921	276.7607	287.241	296.9176	328.8659	354.7881	332.6106	367.3902	383.9394	380.12	383.18	380.1002	390.0743	413.2282	402.9215	418.0034	406.7933	439.3895
Decapsulation: 	13.1111	22.5847	30.8785	45.1178	54.486	58.8573	67.5709	80.1559	91.1158	146.6989	241.3654	232.6163	232.413	257.2936	253.9631	280.656	344.5884	326.8463	359.8315	381.0837	397.4585	461.3963	509.4869	469.1704	466.612	469.1362	484.4653	542.7318	618.4165	595.2412	617.8755	679.9869	753.868	744.2895	766.3877	735.9019	699.9205	676.5754	809.5648	737.7237	821.9496	807.2653	820.5405	897.4761	866.6362	868.5921	904.3452	949.3085	965.2582	1003.5523
